519.7271118164062	548.1195678710938
535.0418701171875	541.9512329101562
548.5369262695312	580.3851928710938
437.7751159667969	451.0741882324219
505.5461730957031	503.8115539550781
594.5409545898438	623.292236328125
491.3235168457031	514.7467041015625
522.0350341796875	530.7597045898438
550.896728515625	562.8143920898438
549.320068359375	547.5445556640625
506.2381591796875	522.5883178710938
532.4441528320312	556.4662475585938
535.10546875	548.83447265625
503.9164123535156	509.82159423828125
546.8208618164062	560.0029907226562
544.4392700195312	623.1036376953125
492.5324401855469	504.6094055175781
579.5866088867188	614.1367797851562
473.9067077636719	513.4718627929688
539.0423583984375	545.7364501953125
510.4530334472656	504.347900390625
612.495361328125	639.9619750976562
466.7706604003906	485.5567321777344
512.617919921875	532.9434814453125
465.9872741699219	484.3307189941406
570.6185302734375	575.93505859375
483.5887756347656	518.1278686523438
551.1478881835938	583.4940795898438
528.7573852539062	543.438232421875
521.760009765625	528.2711791992188
465.403076171875	466.82232666015625
522.76220703125	523.5480346679688
441.21759033203125	454.0184020996094
513.9122314453125	539.806884765625
517.3547973632812	548.9711303710938
459.27935791015625	465.2913513183594
474.4601745605469	481.01495361328125
510.4506530761719	517.2518920898438
509.40106201171875	546.596435546875
468.7872009277344	476.55035400390625
471.9091796875	489.43536376953125
438.9829406738281	454.5540466308594
515.3486328125	525.444091796875
552.7271118164062	560.5074462890625
539.5238647460938	544.43359375
505.34210205078125	509.1258850097656
484.01788330078125	494.4416198730469
561.0297241210938	584.341552734375
553.5977172851562	580.0589599609375
565.093994140625	638.4150390625
540.7531127929688	614.6889038085938
539.5595703125	547.0101318359375
520.202880859375	534.0684204101562
549.8243408203125	564.7989501953125
514.0704956054688	534.7620239257812
563.04345703125	603.7847900390625
543.579833984375	575.2136840820312
494.6943359375	526.1896362304688
553.8587036132812	591.4368896484375
533.9048461914062	546.874267578125
548.2286376953125	561.0560913085938
526.8264770507812	528.9485473632812
562.5014038085938	595.8281860351562
451.9267883300781	510.6797180175781
496.94464111328125	525.0342407226562
537.0779418945312	560.8338012695312
513.2847290039062	523.4703979492188
500.7901306152344	514.1336669921875
532.9033203125	541.2393188476562
484.0791931152344	522.1083984375
489.12994384765625	494.36859130859375
636.6055297851562	655.8270874023438
496.02984619140625	501.6595458984375
517.37109375	524.3981323242188
473.0337219238281	484.5647888183594
504.3831787109375	513.9320068359375
513.3290405273438	522.3350830078125
482.3141784667969	495.9019775390625
561.6045532226562	584.6453247070312
466.05108642578125	477.6463928222656
494.7537536621094	517.424072265625
503.1448669433594	516.600341796875
501.6219482421875	506.8910827636719
502.6955261230469	510.91650390625
450.7325439453125	491.93231201171875
480.2422180175781	486.3892822265625
499.2167663574219	505.84307861328125
524.0147705078125	536.7633056640625
618.8109741210938	663.1705322265625
586.1734619140625	594.222900390625
504.4657897949219	507.60125732421875
461.3368225097656	469.6419677734375
547.8399047851562	585.4944458007812
461.58990478515625	472.3175354003906
510.2432556152344	538.802490234375
429.6336975097656	455.7203369140625
597.2871704101562	611.2793579101562
477.1113586425781	481.1755676269531
476.3148193359375	478.1260070800781
547.5404052734375	569.1597900390625
501.1782531738281	516.34130859375
521.71923828125	535.8787841796875
527.2122802734375	529.2099609375
509.92071533203125	517.9227294921875
442.4470520019531	461.24700927734375
411.9845275878906	434.3595886230469
410.08111572265625	410.0363464355469
362.91534423828125	376.18341064453125
